100 100
45 46 2443 blue
62 87 1377 blue
33 26 7695 red
86 88 194 red
13 94 5141 red
74 12 836 red
92 68 54 red
4 91 8632 red
99 100 6450 red
82 70 957 red
98 95 13 red
100 87 4679 blue
64 95 2775 blue
12 41 6350 blue
82 79 4227 red
53 4 8427 blue
43 60 7889 red
92 100 3217 red
78 96 6596 blue
29 38 2024 blue
27 83 8940 blue
59 76 7100 red
32 42 1149 red
97 57 7908 blue
12 56 6112 red
91 90 96 red
88 33 1182 blue
95 100 9905 blue
69 46 8666 red
15 41 6634 blue
52 74 5268 blue
4 72 8682 blue
68 51 6413 red
17 74 6125 red
26 24 686 blue
83 76 4768 blue
82 6 8318 blue
95 92 103 red
61 95 4774 blue
23 72 5048 blue
83 92 8328 blue
62 44 4344 blue
87 98 3207 red
59 66 7664 blue
69 98 7233 blue
80 68 6382 blue
72 64 6777 red
57 62 9178 blue
82 78 7333 blue
79 85 7439 red
6 69 6088 blue
75 47 5633 red
85 100 7751 red
63 86 3078 blue
71 86 4825 blue
54 68 9783 red
99 33 5939 blue
97 95 7290 red
70 97 5180 red
30 50 8159 blue
31 80 280 red
98 14 1910 blue
84 64 9271 red
88 100 9021 blue
88 99 5446 blue
85 45 7666 blue
54 91 8719 blue
9 25 8837 blue
3 83 3253 red
89 49 2388 red
82 48 6937 red
83 78 7526 blue
23 60 261 blue
100 39 956 blue
64 99 7917 blue
61 21 8709 red
30 91 6828 red
78 47 6916 blue
29 57 4022 blue
30 78 8676 blue
53 6 4919 red
93 71 6396 blue
3 57 6715 red
92 12 7796 blue
75 19 3415 blue
93 100 252 blue
91 5 8218 blue
41 74 8976 blue
100 69 466 red
70 85 502 red
66 92 4231 blue
67 15 4351 red
40 16 2547 blue
55 70 8789 red
88 68 3294 blue
18 36 4491 blue
56 88 7790 red
94 76 3229 blue
50 88 6843 blue
87 70 6742 red
