100 100
33 11 1010 blue
92 13 514 blue
14 64 6383 blue
88 1 6870 blue
77 3 4172 red
42 53 9411 blue
74 31 1440 blue
67 80 3453 blue
93 71 7444 red
92 93 9450 blue
90 81 1597 red
95 88 292 blue
99 90 3334 red
26 56 2089 red
83 78 8519 red
20 96 7891 red
93 73 87 red
54 74 9086 red
59 44 5481 blue
2 92 1328 red
74 86 6537 red
47 88 6156 blue
39 25 5323 red
30 34 5584 red
55 8 9682 red
73 35 2761 red
73 78 9297 red
40 39 3468 red
47 78 7009 blue
66 60 9059 blue
82 99 6570 red
29 99 8812 blue
70 78 9862 red
84 61 6358 blue
6 2 1610 red
72 73 9306 red
92 32 7086 blue
76 91 397 blue
60 88 2519 red
68 77 9819 red
41 88 2556 blue
35 100 1105 red
76 55 762 blue
75 95 4218 red
55 90 199 blue
85 88 1957 red
29 82 9482 red
40 76 3759 blue
30 72 9782 red
96 52 1700 red
52 51 7074 blue
45 56 6593 blue
75 64 8959 blue
16 3 3221 red
98 95 2607 blue
23 57 3685 blue
28 35 801 red
58 98 8495 red
45 94 8201 red
99 98 5014 red
34 26 1852 red
79 80 6634 red
68 70 8939 red
13 28 8816 red
87 93 997 blue
64 65 6083 blue
68 66 2212 red
95 90 38 red
33 96 5685 red
39 94 5632 blue
61 86 640 red
49 66 7529 red
30 12 3913 blue
99 43 6859 red
25 74 9966 blue
93 32 8165 blue
85 80 354 red
96 92 7077 red
57 10 5796 red
91 89 8054 blue
63 17 618 blue
90 97 8999 blue
91 79 8361 red
87 94 3757 blue
91 99 1112 red
97 23 4992 red
59 97 3909 red
100 98 6389 blue
82 13 861 red
92 97 6626 blue
95 99 9264 red
67 59 8706 blue
39 71 9746 blue
88 75 1614 blue
31 27 4349 red
9 61 1838 blue
44 31 750 red
75 36 8948 red
64 52 932 red
89 81 4474 red
